otima
14.0000000
1.0000000 1.0000000 1.0000000 
2.0000000 4.0000000 8.0000000 
inviavel
1.0000000 1.0000000 1.0000000 1.0000000 
ilimitada
0.0000000 5.0000000 7.0000000 
1.0000000 1.0000000 1.0000000 
otima
50.0000000
0.0000000 0.0000000 10.0000000 0.0000000 
0.0000000 0.0000000 6.0000000 1.0000000 
inviavel
4.0000000 1.0000000 1.0000000 1.0000000 5.0000000 0.0000000 1.0000000 
inviavel
1.0000000 0.0000000 0.0000000 1.0000000 0.0000000 -0.0000000 -0.0000000 
inviavel
0.0000000 0.0000000 0.2500000 0.0000000 0.4375000 1.0000000 0.6250000 1.0000000 0.3125000 0.0000000 
otima
11.0000000
0.0000000 1.0000000 0.0000000 4.0000000 
0.5000000 2.0000000 
otima
14.0000000
2.5000000 0.0000000 1.0000000 0.0000000 
0.0000000 2.0000000 0.0000000 0.0000000 3.0000000 0.0000000 
otima
0.0000000
0.0000000 0.0000000 
0.0000000 0.0000000 0.0000000 0.0000000 
otima
12.0000000
0.7500000 0.7500000 0.0000000 3.2500000 
0.0000000 0.0000000 4.0000000 0.0000000 2.0000000 0.0000000 0.0000000 0.0000000 0.0000000 3.5000000 
otima
94.2000000
0.0000000 0.0000000 2.8000000 3.3000000 4.7000000 6.2000000 
0.0000000 0.0000000 0.0000000 7.1000000 1.2000000 0.0000000 0.0000000 2.3000000 0.0000000 0.0000000 0.0000000 0.0000000 0.0000000 1.2000000 0.0000000 0.0000000 
ilimitada
0.0000000 0.6000000 0.0000000 3.2000000 0.0000000 
0.0000000 0.4000000 0.0000000 0.8000000 1.0000000 
ilimitada
0.0000000 16.0000000 0.0000000 11.0000000 
0.0000000 2.0000000 0.0000000 1.0000000 
ilimitada
0.0000000 0.0000000 3.0000000 5.0000000 0.0000000 22.0000000 12.0000000 
0.0000000 1.0000000 0.0000000 1.0000000 0.0000000 3.0000000 2.0000000 
